0 0
0.125 -0.048229416
0.25 -0.098606899
0.375 -0.15012504
0.5 -0.20160579
0.625 -0.25182233
0.75 -0.29963912
0.75 -0.29963912
0.875 -0.34415408
1 -0.38476663
1.125 -0.42116046
1.25 -0.45327142
1.375 -0.48123427
1.5 -0.50533975
1.625 -0.52594236
1.75 -0.54340121
1.875 -0.558117
2 -0.57046564
2.125 -0.58078474
2.25 -0.58923893
2.375 -0.59632965
2.5 -0.60222513
2.625 -0.60709939
2.75 -0.61111599
2.875 -0.6144439
3 -0.61720083
3.125 -0.61948705
3.25 -0.62139189
3.375 -0.62297437
3.5 -0.62429714
3.625 -0.62540279
3.75 -0.62632314
3.875 -0.62709481
4 -0.62774264
4.125 -0.62829086
4.25 -0.62875935
4.375 -0.62915352
4.5 -0.62949019
4.625 -0.62977836
4.75 -0.630025
4.875 -0.63023707
5 -0.63041978
5.125 -0.63057745
5.25 -0.63071378
5.375 -0.63083236
5.5 -0.63093603
5.625 -0.63102751
5.75 -0.63110731
5.875 -0.63117681
6 -0.63123757
