0 0 0
0.05 -0.01895434 1.62e-05
0.1 -0.03838151 1.43e-05
0.15 -0.05814675 1.44e-05
0.2 -0.07825234 1.41e-05
0.25 -0.09860146 1.49e-05
0.3 -0.1191198 1.44e-05
0.35 -0.1397377 1.73e-05
0.4 -0.1604147 1.89e-05
0.45 -0.1810613 1.94e-05
0.5 -0.2015493 1.77e-05
0.55 -0.2219228 2.25e-05
0.6 -0.24199378 2.19e-05
0.65 -0.26185345 2e-05
0.7 -0.2812159 2.16e-05
0.75 -0.30025621 2.49e-05
0.8 -0.31879731 2.38e-05
0.85 -0.33680113 2.52e-05
0.9 -0.35431061 2.56e-05
0.95 -0.37123527 2.7e-05
1 -3.875706e-01 1.763953e-05
1.0101 -3.907795e-01 2.121485e-05
1.02041 -3.940529e-01 2.127384e-05
1.03093 -3.973927e-01 2.001061e-05
1.04167 -4.007271e-01 1.799723e-05
1.05263 -4.041227e-01 2.072877e-05
1.06383 -4.075264e-01 2.372356e-05
1.07527 -4.110064e-01 1.905632e-05
1.08696 -4.144991e-01 1.893719e-05
1.0989 -4.180449e-01 2.004685e-05
1.11111 -4.216872e-01 1.734141e-05
1.1236 -4.253396e-01 1.674569e-05
1.13636 -4.289691e-01 2.221508e-05
1.14943 -4.327748e-01 2.083777e-05
1.16279 -4.364971e-01 1.885360e-05
1.17647 -4.403097e-01 1.576478e-05
1.19048 -4.441675e-01 2.128104e-05
1.20482 -4.480728e-01 1.989381e-05
1.21951 -4.520454e-01 2.074116e-05
1.23457 -4.560138e-01 1.885406e-05
1.25 -4.600224e-01 1.883209e-05
1.26582 -4.641055e-01 1.869874e-05
1.28205 -4.682323e-01 1.870906e-05
1.2987 -4.723956e-01 1.742039e-05
1.31579 -4.765626e-01 2.102880e-05
1.33333 -4.807872e-01 1.798180e-05
1.35135 -4.850299e-01 1.857634e-05
1.36986 -4.893211e-01 1.677925e-05
1.38889 -4.936811e-01 2.141423e-05
1.40845 -4.980682e-01 1.852926e-05
1.42857 -5.024310e-01 1.857372e-05
1.44928 -5.068851e-01 1.733484e-05
1.47059 -5.113228e-01 1.697478e-05
1.49254 -5.157878e-01 2.366623e-05
1.51515 -5.203551e-01 2.140410e-05
1.53846 -5.249077e-01 2.031607e-05
1.5625 -5.294349e-01 1.835809e-05
1.5873 -5.339835e-01 2.098121e-05
1.6129 -5.386015e-01 1.870278e-05
1.63934 -5.431786e-01 2.018671e-05
1.66667 -5.477797e-01 1.660985e-05
1.69492 -5.524064e-01 1.880472e-05
1.72414 -5.570327e-01 1.791675e-05
1.75439 -5.616248e-01 1.740291e-05
1.78571 -5.661548e-01 1.859902e-05
1.81818 -5.707314e-01 1.365230e-05
1.85185 -5.752617e-01 1.865549e-05
1.88679 -5.798075e-01 1.557624e-05
1.92308 -5.842622e-01 1.760060e-05
1.96078 -5.886593e-01 1.544000e-05
2 -5.930767e-01 1.658150e-05
2.04082 -5.974022e-01 1.457812e-05
2.08333 -6.016343e-01 1.645699e-05
2.12766 -6.057754e-01 1.609290e-05
2.17391 -6.098781e-01 1.697900e-05
2.22222 -6.138866e-01 1.299200e-05
2.27273 -6.177490e-01 1.432721e-05
2.32558 -6.215778e-01 1.585068e-05
2.38095 -6.252247e-01 1.242851e-05
2.43902 -6.287529e-01 1.538418e-05
2.5 -6.321614e-01 9.671635e-06
2.5641 -6.354062e-01 9.334405e-06
2.63158 -6.384983e-01 9.149295e-06
2.7027 -6.414540e-01 9.906972e-06
2.77778 -6.442260e-01 9.026539e-06
2.85714 -6.468099e-01 8.073825e-06
2.94118 -6.492406e-01 9.679079e-06
3.0303 -6.514878e-01 8.915365e-06
3.125 -6.535758e-01 9.052938e-06
3.22581 -6.554698e-01 9.132727e-06
3.33333 -6.571929e-01 8.632828e-06
3.44828 -6.587704e-01 1.007778e-05
3.57143 -6.601927e-01 9.289176e-06
3.7037 -6.614264e-01 1.007425e-05
3.84615 -6.625351e-01 1.039890e-05
4 -6.635260e-01 1.122603e-05
4.16667 -6.643831e-01 1.217464e-05
4.34783 -6.651485e-01 1.164181e-05
4.54545 -6.658100e-01 1.497919e-05
4.7619 -6.663415e-01 1.981224e-05
5 -6.668903e-01 2.003811e-05
5.26316 -6.672999e-01 3.272592e-05
5.55556 -6.675798e-01 3.592434e-05
5.88235 -6.679624e-01 4.988979e-05
