[
({'irreps': (1,0), 'pg': A_1, 'name': T0, 'occupations': (1,3) 'charges': (1,-1,0,2,0) },
[
((0, 0, 2, 2, 2), 1),
((0, 2, 0, 2, 2), 1),
((0, 2, 2, 0, 2), 1),
((0, 2, 2, 2, 0), 1),
((1, 1, 2, 2, 2), 1),
((1, 2, 1, 2, 2), 1),
((1, 2, 2, 1, 2), 1),
((1, 2, 2, 2, 1), 1),
]),

({'irreps': (1,0), 'pg': A_1, 'name': T1, 'occupations': (3,1) 'charges': (1,-1,0,2,0) },
[
((0, 0, 0, 1, 2), -1),
((0, 0, 0, 2, 1), -1),
((0, 0, 1, 0, 2), 2),
((0, 0, 1, 2, 0), -1),
((0, 0, 2, 0, 1), 2),
((0, 0, 2, 1, 0), -1),
((0, 1, 0, 0, 2), -1),
((0, 1, 0, 2, 0), 2),
((0, 1, 2, 0, 0), -1),
((0, 2, 0, 0, 1), -1),
((0, 2, 0, 1, 0), 2),
((0, 2, 1, 0, 0), -1),
((1, 0, 1, 1, 2), 1),
((1, 0, 1, 2, 1), -2),
((1, 0, 2, 1, 1), 1),
((1, 1, 0, 1, 2), -2),
((1, 1, 0, 2, 1), 1),
((1, 1, 1, 0, 2), 1),
((1, 1, 1, 2, 0), 1),
((1, 1, 2, 0, 1), 1),
((1, 1, 2, 1, 0), -2),
((1, 2, 0, 1, 1), 1),
((1, 2, 1, 0, 1), -2),
((1, 2, 1, 1, 0), 1)
]),

({'irreps': (1,0), 'pg': A_2, 'name': T2, 'occupations': (3,1) 'charges': (1,-1,0,2,0) },
[
((0, 0, 0, 1, 2), 1),
((0, 0, 0, 2, 1), -1),
((0, 0, 1, 2, 0), 1),
((0, 0, 2, 1, 0), -1),
((0, 1, 0, 0, 2), -1),
((0, 1, 2, 0, 0), 1),
((0, 2, 0, 0, 1), 1),
((0, 2, 1, 0, 0), -1),
((1, 0, 1, 1, 2), 1),
((1, 0, 2, 1, 1), -1),
((1, 1, 0, 2, 1), -1),
((1, 1, 1, 0, 2), -1),
((1, 1, 1, 2, 0), 1),
((1, 1, 2, 0, 1), 1),
((1, 2, 0, 1, 1), 1),
((1, 2, 1, 1, 0), -1)
])
]
