[
({'irreps': (1,1), 'pg': A_1, 'name': T0, 'occupations': (0,0) 'charges': (1,-1,0,2,0) },
[
((1, 0, 2, 1, 2), 1),
((1, 2, 1, 2, 0), 1),
((1, 1, 2, 0, 2), 1),
((1, 2, 0, 2, 1), 1)
]),

({'irreps': (1,1), 'pg': A_1, 'name': T1, 'occupations': (0,0) 'charges': (1,-1,0,2,0) },
[
((1, 0, 1, 2, 2), 1),
((1, 2, 2, 1, 0), 1),
((1, 1, 2, 2, 0), 1),
((1, 2, 2, 0, 1), 1),
((1, 2, 0, 1, 2), 1),
((1, 2, 1, 0, 2), 1),
((1, 1, 0, 2, 2), 1),
((1, 0, 2, 2, 1), 1)
]),

({'irreps': (1,1), 'pg': A_1, 'name': T2, 'occupations': (0,0) 'charges': (1,-1,0,2,0) },
[
((0, 0, 0, 0, 2), 1),
((0, 0, 0, 2, 0), 1),
((0, 0, 2, 0, 0), 1),
((0, 2, 0, 0, 0), 1)
]),

({'irreps': (1,1), 'pg': A_1, 'name': T3, 'occupations': (0,0) 'charges': (1,-1,0,2,0) },
[
((0, 0, 2, 2, 2), 1),
((0, 2, 0, 2, 2), 1),
((0, 2, 2, 2, 0), 1),
((0, 2, 2, 0, 2), 1)
]),

({'irreps': (1,1), 'pg': A_1, 'name': T4, 'occupations': (0,0) 'charges': (1,-1,0,2,0) },
[
((1, 0, 0, 1, 2), 1),
((1, 1, 2, 0, 0), 1),
((1, 0, 2, 1, 0), 1),
((1, 0, 1, 2, 0), 1),
((1, 0, 0, 2, 1), 1),
((1, 1, 0, 0, 2), 1),
((1, 2, 1, 0, 0), 1),
((1, 2, 0, 0, 1), 1)
]),

({'irreps': (1,1), 'pg': A_1, 'name': T5, 'occupations': (0,0) 'charges': (1,-1,0,2,0) },
[
((1, 0, 1, 0, 2), 1),
((1, 0, 2, 0, 1), 1),
((1, 2, 0, 1, 0), 1),
((1, 1, 0, 2, 0), 1)
]),

({'irreps': (1,1), 'pg': A_1, 'name': T6, 'occupations': (0,0) 'charges': (1,-1,0,2,0) },
[
((0, 0, 2, 0, 2), 1),
((0, 2, 0, 2, 0), 1)
]),

({'irreps': (1,1), 'pg': A_1, 'name': T7, 'occupations': (0,0) 'charges': (1,-1,0,2,0) },
[
((0, 0, 2, 2, 0), 1),
((0, 2, 0, 0, 2), 1),
((0, 0, 0, 2, 2), 1),
((0, 2, 2, 0, 0), 1)
]),

({'irreps': (1,1), 'pg': A_1, 'name': T8, 'occupations': (0,0) 'charges': (1,-1,0,2,0) },
[
((0, 2, 2, 2, 2), 1)
]),

({'irreps': (1,1), 'pg': A_1, 'name': T9, 'occupations': (0,0) 'charges': (1,-1,0,2,0) },
[
((1, 0, 0, 1, 0), 1),
((1, 0, 1, 0, 0), 1),
((1, 1, 0, 0, 0), 1),
((1, 0, 0, 0, 1), 1)
]),

({'irreps': (1,1), 'pg': A_1, 'name': T10, 'occupations': (0,0) 'charges': (1,-1,0,2,0) },
[
((1, 2, 2, 1, 2), 1),
((1, 2, 1, 2, 2), 1),
((1, 2, 2, 2, 1), 1),
((1, 1, 2, 2, 2), 1)
]),

({'irreps': (1,1), 'pg': A_1, 'name': T11, 'occupations': (0,0) 'charges': (1,-1,0,2,0) },
[
((0, 0, 0, 0, 0), 1)
])
]