[
({'irreps': (1,1,1,0), 'pg': A_1, 'name': T0, 'occupations': (0,0,0,0), 'charges': (1,-1,0,2,-2,0,2,-2,2)},
[
((1, 1, 1, 2, 3), 1),
((1, 2, 3, 1, 1), 1),
((1, 1, 3, 2, 1), 1),
((1, 1, 2, 3, 1), 1),
((1, 1, 1, 3, 2), 1),
((1, 2, 1, 1, 3), 1),
((1, 3, 1, 1, 2), 1),
((1, 3, 2, 1, 1), 1)
]),

({'irreps': (1,1,1,0), 'pg': A_1, 'name': T1, 'occupations': (0,0,0,0), 'charges': (1,-1,0,2,-2,0,2,-2,2)},
[
((0, 5, 4, 3, 3), 1),
((0, 3, 5, 4, 3), 1),
((0, 4, 3, 3, 5), 1),
((0, 3, 4, 5, 3), 1),
((0, 3, 3, 5, 4), 1),
((0, 5, 3, 3, 4), 1),
((0, 3, 3, 4, 5), 1),
((0, 4, 5, 3, 3), 1)
]),

({'irreps': (1,1,1,0), 'pg': A_1, 'name': T2, 'occupations': (0,0,0,0), 'charges': (1,-1,0,2,-2,0,2,-2,2)},
[
((1, 3, 4, 5, 4), 1),
((1, 4, 3, 4, 5), 1),
((1, 4, 5, 4, 3), 1),
((1, 5, 4, 3, 4), 1)
]),

({'irreps': (1,1,1,0), 'pg': A_1, 'name': T3, 'occupations': (0,0,0,0), 'charges': (1,-1,0,2,-2,0,2,-2,2)},
[
((1, 0, 3, 0, 6), 1),
((1, 3, 0, 6, 0), 1),
((1, 0, 6, 0, 3), 1),
((1, 6, 0, 3, 0), 1)
]),

({'irreps': (1,1,1,0), 'pg': A_1, 'name': T4, 'occupations': (0,0,0,0), 'charges': (1,-1,0,2,-2,0,2,-2,2)},
[
((0, 1, 5, 2, 6), 1),
((0, 6, 2, 5, 1), 1),
((0, 1, 6, 2, 5), 1),
((0, 6, 1, 5, 2), 1),
((0, 2, 5, 1, 6), 1),
((0, 5, 1, 6, 2), 1),
((0, 2, 6, 1, 5), 1),
((0, 5, 2, 6, 1), 1)
]),

({'irreps': (1,1,1,0), 'pg': A_1, 'name': T5, 'occupations': (0,0,0,0), 'charges': (1,-1,0,2,-2,0,2,-2,2)},
[
((0, 2, 6, 6, 5), 1),
((0, 5, 2, 6, 6), 1),
((0, 6, 2, 5, 6), 1),
((0, 6, 5, 2, 6), 1),
((0, 5, 6, 6, 2), 1),
((0, 6, 6, 2, 5), 1),
((0, 2, 5, 6, 6), 1),
((0, 6, 6, 5, 2), 1)
]),

({'irreps': (1,1,1,0), 'pg': A_1, 'name': T6, 'occupations': (0,0,0,0), 'charges': (1,-1,0,2,-2,0,2,-2,2)},
[
((1, 5, 6, 1, 0), 1),
((1, 0, 5, 6, 1), 1),
((1, 6, 5, 0, 1), 1),
((1, 1, 6, 5, 0), 1),
((1, 1, 0, 5, 6), 1),
((1, 0, 1, 6, 5), 1),
((1, 6, 1, 0, 5), 1),
((1, 5, 0, 1, 6), 1)
]),

({'irreps': (1,1,1,0), 'pg': A_1, 'name': T7, 'occupations': (0,0,0,0), 'charges': (1,-1,0,2,-2,0,2,-2,2)},
[
((0, 4, 2, 0, 3), 1),
((0, 2, 0, 3, 4), 1),
((0, 4, 3, 0, 2), 1),
((0, 0, 2, 4, 3), 1),
((0, 3, 0, 2, 4), 1),
((0, 0, 3, 4, 2), 1),
((0, 3, 4, 2, 0), 1),
((0, 2, 4, 3, 0), 1)
]),

({'irreps': (1,1,1,0), 'pg': A_1, 'name': T8, 'occupations': (0,0,0,0), 'charges': (1,-1,0,2,-2,0,2,-2,2)},
[
((0, 2, 4, 4, 5), 1),
((0, 4, 4, 2, 5), 1),
((0, 5, 4, 4, 2), 1),
((0, 4, 2, 5, 4), 1),
((0, 4, 5, 2, 4), 1),
((0, 4, 4, 5, 2), 1),
((0, 5, 2, 4, 4), 1),
((0, 2, 5, 4, 4), 1)
]),

({'irreps': (1,1,1,0), 'pg': A_1, 'name': T9, 'occupations': (0,0,0,0), 'charges': (1,-1,0,2,-2,0,2,-2,2)},
[
((0, 3, 2, 3, 1), 1),
((0, 1, 3, 2, 3), 1),
((0, 2, 3, 1, 3), 1),
((0, 3, 1, 3, 2), 1)
]),

({'irreps': (1,1,1,0), 'pg': A_1, 'name': T10, 'occupations': (0,0,0,0), 'charges': (1,-1,0,2,-2,0,2,-2,2)},
[
((1, 5, 0, 6, 4), 1),
((1, 0, 5, 4, 6), 1),
((1, 6, 0, 5, 4), 1),
((1, 4, 6, 0, 5), 1),
((1, 5, 4, 6, 0), 1),
((1, 0, 6, 4, 5), 1),
((1, 4, 5, 0, 6), 1),
((1, 6, 4, 5, 0), 1)
]),

({'irreps': (1,1,1,0), 'pg': A_1, 'name': T11, 'occupations': (0,0,0,0), 'charges': (1,-1,0,2,-2,0,2,-2,2)},
[
((0, 0, 3, 1, 2), 1),
((0, 0, 2, 1, 3), 1),
((0, 2, 1, 3, 0), 1),
((0, 3, 1, 2, 0), 1),
((0, 1, 3, 0, 2), 1),
((0, 2, 0, 3, 1), 1),
((0, 1, 2, 0, 3), 1),
((0, 3, 0, 2, 1), 1)
]),

({'irreps': (1,1,1,0), 'pg': A_1, 'name': T12, 'occupations': (0,0,0,0), 'charges': (1,-1,0,2,-2,0,2,-2,2)},
[
((0, 4, 2, 5, 6), 1),
((0, 2, 5, 6, 4), 1),
((0, 5, 2, 4, 6), 1),
((0, 4, 6, 5, 2), 1),
((0, 2, 4, 6, 5), 1),
((0, 5, 6, 4, 2), 1),
((0, 6, 5, 2, 4), 1),
((0, 6, 4, 2, 5), 1)
]),

({'irreps': (1,1,1,0), 'pg': A_1, 'name': T13, 'occupations': (0,0,0,0), 'charges': (1,-1,0,2,-2,0,2,-2,2)},
[
((1, 0, 6, 5, 1), 1),
((1, 1, 5, 6, 0), 1),
((1, 0, 1, 5, 6), 1),
((1, 6, 5, 1, 0), 1),
((1, 1, 0, 6, 5), 1),
((1, 5, 6, 0, 1), 1),
((1, 6, 0, 1, 5), 1),
((1, 5, 1, 0, 6), 1)
]),

({'irreps': (1,1,1,0), 'pg': A_1, 'name': T14, 'occupations': (0,0,0,0), 'charges': (1,-1,0,2,-2,0,2,-2,2)},
[
((1, 0, 4, 4, 5), 1),
((1, 5, 4, 4, 0), 1),
((1, 4, 5, 0, 4), 1),
((1, 4, 0, 5, 4), 1),
((1, 0, 5, 4, 4), 1),
((1, 5, 0, 4, 4), 1),
((1, 4, 4, 0, 5), 1),
((1, 4, 4, 5, 0), 1)
]),

({'irreps': (1,1,1,0), 'pg': A_1, 'name': T15, 'occupations': (0,0,0,0), 'charges': (1,-1,0,2,-2,0,2,-2,2)},
[
((1, 3, 4, 3, 0), 1),
((1, 3, 0, 3, 4), 1),
((1, 0, 3, 4, 3), 1),
((1, 4, 3, 0, 3), 1)
]),

({'irreps': (1,1,1,0), 'pg': A_1, 'name': T16, 'occupations': (0,0,0,0), 'charges': (1,-1,0,2,-2,0,2,-2,2)},
[
((1, 1, 2, 6, 3), 1),
((1, 1, 3, 6, 2), 1),
((1, 3, 6, 2, 1), 1),
((1, 3, 1, 2, 6), 1),
((1, 6, 2, 1, 3), 1),
((1, 2, 1, 3, 6), 1),
((1, 6, 3, 1, 2), 1),
((1, 2, 6, 3, 1), 1)
]),

({'irreps': (1,1,1,0), 'pg': A_1, 'name': T17, 'occupations': (0,0,0,0), 'charges': (1,-1,0,2,-2,0,2,-2,2)},
[
((0, 4, 0, 0, 5), 1),
((0, 0, 0, 5, 4), 1),
((0, 0, 0, 4, 5), 1),
((0, 5, 4, 0, 0), 1),
((0, 0, 4, 5, 0), 1),
((0, 5, 0, 0, 4), 1),
((0, 4, 5, 0, 0), 1),
((0, 0, 5, 4, 0), 1)
]),

({'irreps': (1,1,1,0), 'pg': A_1, 'name': T18, 'occupations': (0,0,0,0), 'charges': (1,-1,0,2,-2,0,2,-2,2)},
[
((0, 3, 5, 1, 0), 1),
((0, 5, 1, 0, 3), 1),
((0, 1, 5, 3, 0), 1),
((0, 3, 0, 1, 5), 1),
((0, 0, 1, 5, 3), 1),
((0, 1, 0, 3, 5), 1),
((0, 0, 3, 5, 1), 1),
((0, 5, 3, 0, 1), 1)
]),

({'irreps': (1,1,1,0), 'pg': A_1, 'name': T19, 'occupations': (0,0,0,0), 'charges': (1,-1,0,2,-2,0,2,-2,2)},
[
((0, 1, 2, 4, 2), 1),
((0, 4, 2, 1, 2), 1),
((0, 2, 4, 2, 1), 1),
((0, 2, 1, 2, 4), 1)
]),

({'irreps': (1,1,1,0), 'pg': A_1, 'name': T20, 'occupations': (0,0,0,0), 'charges': (1,-1,0,2,-2,0,2,-2,2)},
[
((0, 4, 5, 1, 2), 1),
((0, 2, 4, 5, 1), 1),
((0, 5, 1, 2, 4), 1),
((0, 1, 5, 4, 2), 1),
((0, 1, 2, 4, 5), 1),
((0, 2, 1, 5, 4), 1),
((0, 4, 2, 1, 5), 1),
((0, 5, 4, 2, 1), 1)
]),

({'irreps': (1,1,1,0), 'pg': A_1, 'name': T21, 'occupations': (0,0,0,0), 'charges': (1,-1,0,2,-2,0,2,-2,2)},
[
((1, 4, 4, 2, 0), 1),
((1, 0, 4, 4, 2), 1),
((1, 2, 0, 4, 4), 1),
((1, 4, 0, 2, 4), 1),
((1, 4, 2, 0, 4), 1),
((1, 0, 2, 4, 4), 1),
((1, 2, 4, 4, 0), 1),
((1, 4, 4, 0, 2), 1)
]),

({'irreps': (1,1,1,0), 'pg': A_1, 'name': T22, 'occupations': (0,0,0,0), 'charges': (1,-1,0,2,-2,0,2,-2,2)},
[
((1, 2, 3, 1, 4), 1),
((1, 4, 1, 3, 2), 1),
((1, 1, 4, 2, 3), 1),
((1, 2, 4, 1, 3), 1),
((1, 4, 2, 3, 1), 1),
((1, 3, 1, 4, 2), 1),
((1, 3, 2, 4, 1), 1),
((1, 1, 3, 2, 4), 1)
]),

({'irreps': (1,1,1,0), 'pg': A_1, 'name': T23, 'occupations': (0,0,0,0), 'charges': (1,-1,0,2,-2,0,2,-2,2)},
[
((0, 2, 0, 4, 3), 1),
((0, 0, 2, 3, 4), 1),
((0, 4, 3, 2, 0), 1),
((0, 4, 0, 2, 3), 1),
((0, 3, 2, 0, 4), 1),
((0, 3, 4, 0, 2), 1),
((0, 0, 4, 3, 2), 1),
((0, 2, 3, 4, 0), 1)
]),

({'irreps': (1,1,1,0), 'pg': A_1, 'name': T24, 'occupations': (0,0,0,0), 'charges': (1,-1,0,2,-2,0,2,-2,2)},
[
((0, 1, 2, 5, 6), 1),
((0, 6, 5, 2, 1), 1),
((0, 5, 6, 1, 2), 1),
((0, 2, 1, 6, 5), 1),
((0, 1, 6, 5, 2), 1),
((0, 2, 5, 6, 1), 1),
((0, 5, 2, 1, 6), 1),
((0, 6, 1, 2, 5), 1)
]),

({'irreps': (1,1,1,0), 'pg': A_1, 'name': T25, 'occupations': (0,0,0,0), 'charges': (1,-1,0,2,-2,0,2,-2,2)},
[
((0, 1, 2, 3, 3), 1),
((0, 1, 3, 3, 2), 1),
((0, 3, 2, 1, 3), 1),
((0, 3, 3, 2, 1), 1),
((0, 2, 1, 3, 3), 1),
((0, 3, 1, 2, 3), 1),
((0, 2, 3, 3, 1), 1),
((0, 3, 3, 1, 2), 1)
]),

({'irreps': (1,1,1,0), 'pg': A_1, 'name': T26, 'occupations': (0,0,0,0), 'charges': (1,-1,0,2,-2,0,2,-2,2)},
[
((0, 0, 4, 2, 0), 1),
((0, 0, 2, 4, 0), 1),
((0, 2, 0, 0, 4), 1),
((0, 0, 0, 4, 2), 1),
((0, 4, 0, 0, 2), 1),
((0, 0, 0, 2, 4), 1),
((0, 2, 4, 0, 0), 1),
((0, 4, 2, 0, 0), 1)
]),

({'irreps': (1,1,1,0), 'pg': A_1, 'name': T27, 'occupations': (0,0,0,0), 'charges': (1,-1,0,2,-2,0,2,-2,2)},
[
((0, 6, 5, 1, 5), 1),
((0, 1, 5, 6, 5), 1),
((0, 5, 1, 5, 6), 1),
((0, 5, 6, 5, 1), 1)
]),

({'irreps': (1,1,1,0), 'pg': A_1, 'name': T28, 'occupations': (0,0,0,0), 'charges': (1,-1,0,2,-2,0,2,-2,2)},
[
((1, 0, 6, 6, 5), 1),
((1, 6, 6, 0, 5), 1),
((1, 6, 6, 5, 0), 1),
((1, 5, 6, 6, 0), 1),
((1, 5, 0, 6, 6), 1),
((1, 6, 5, 0, 6), 1),
((1, 0, 5, 6, 6), 1),
((1, 6, 0, 5, 6), 1)
]),

({'irreps': (1,1,1,0), 'pg': A_1, 'name': T29, 'occupations': (0,0,0,0), 'charges': (1,-1,0,2,-2,0,2,-2,2)},
[
((1, 0, 6, 2, 6), 1),
((1, 2, 6, 0, 6), 1),
((1, 6, 2, 6, 0), 1),
((1, 6, 0, 6, 2), 1)
]),

({'irreps': (1,1,1,0), 'pg': A_1, 'name': T30, 'occupations': (0,0,0,0), 'charges': (1,-1,0,2,-2,0,2,-2,2)},
[
((0, 5, 5, 1, 1), 1),
((0, 1, 1, 5, 5), 1),
((0, 1, 5, 5, 1), 1),
((0, 5, 1, 1, 5), 1)
]),

({'irreps': (1,1,1,0), 'pg': A_1, 'name': T31, 'occupations': (0,0,0,0), 'charges': (1,-1,0,2,-2,0,2,-2,2)},
[
((1, 2, 6, 0, 4), 1),
((1, 0, 4, 2, 6), 1),
((1, 4, 2, 6, 0), 1),
((1, 2, 4, 0, 6), 1),
((1, 0, 6, 2, 4), 1),
((1, 4, 0, 6, 2), 1),
((1, 6, 2, 4, 0), 1),
((1, 6, 0, 4, 2), 1)
]),

({'irreps': (1,1,1,0), 'pg': A_1, 'name': T32, 'occupations': (0,0,0,0), 'charges': (1,-1,0,2,-2,0,2,-2,2)},
[
((1, 2, 1, 0, 6), 1),
((1, 6, 2, 1, 0), 1),
((1, 0, 6, 2, 1), 1),
((1, 6, 0, 1, 2), 1),
((1, 1, 0, 6, 2), 1),
((1, 2, 6, 0, 1), 1),
((1, 1, 2, 6, 0), 1),
((1, 0, 1, 2, 6), 1)
]),

({'irreps': (1,1,1,0), 'pg': A_1, 'name': T33, 'occupations': (0,0,0,0), 'charges': (1,-1,0,2,-2,0,2,-2,2)},
[
((1, 0, 1, 2, 1), 1),
((1, 1, 0, 1, 2), 1),
((1, 1, 2, 1, 0), 1),
((1, 2, 1, 0, 1), 1)
]),

({'irreps': (1,1,1,0), 'pg': A_1, 'name': T34, 'occupations': (0,0,0,0), 'charges': (1,-1,0,2,-2,0,2,-2,2)},
[
((1, 3, 6, 3, 0), 1),
((1, 6, 3, 0, 3), 1),
((1, 3, 0, 3, 6), 1),
((1, 0, 3, 6, 3), 1)
]),

({'irreps': (1,1,1,0), 'pg': A_1, 'name': T35, 'occupations': (0,0,0,0), 'charges': (1,-1,0,2,-2,0,2,-2,2)},
[
((1, 6, 0, 5, 1), 1),
((1, 1, 5, 0, 6), 1),
((1, 6, 1, 5, 0), 1),
((1, 0, 5, 1, 6), 1),
((1, 5, 0, 6, 1), 1),
((1, 1, 6, 0, 5), 1),
((1, 0, 6, 1, 5), 1),
((1, 5, 1, 6, 0), 1)
]),

({'irreps': (1,1,1,0), 'pg': A_1, 'name': T36, 'occupations': (0,0,0,0), 'charges': (1,-1,0,2,-2,0,2,-2,2)},
[
((0, 5, 6, 0, 3), 1),
((0, 0, 3, 5, 6), 1),
((0, 0, 6, 5, 3), 1),
((0, 3, 5, 6, 0), 1),
((0, 5, 3, 0, 6), 1),
((0, 6, 0, 3, 5), 1),
((0, 3, 0, 6, 5), 1),
((0, 6, 5, 3, 0), 1)
]),

({'irreps': (1,1,1,0), 'pg': A_1, 'name': T37, 'occupations': (0,0,0,0), 'charges': (1,-1,0,2,-2,0,2,-2,2)},
[
((1, 0, 2, 4, 1), 1),
((1, 1, 4, 2, 0), 1),
((1, 2, 4, 1, 0), 1),
((1, 4, 1, 0, 2), 1),
((1, 1, 0, 2, 4), 1),
((1, 0, 1, 4, 2), 1),
((1, 2, 0, 1, 4), 1),
((1, 4, 2, 0, 1), 1)
]),

({'irreps': (1,1,1,0), 'pg': A_1, 'name': T38, 'occupations': (0,0,0,0), 'charges': (1,-1,0,2,-2,0,2,-2,2)},
[
((0, 2, 4, 1, 5), 1),
((0, 5, 1, 4, 2), 1),
((0, 4, 1, 5, 2), 1),
((0, 1, 4, 2, 5), 1),
((0, 1, 5, 2, 4), 1),
((0, 4, 2, 5, 1), 1),
((0, 2, 5, 1, 4), 1),
((0, 5, 2, 4, 1), 1)
]),

({'irreps': (1,1,1,0), 'pg': A_1, 'name': T39, 'occupations': (0,0,0,0), 'charges': (1,-1,0,2,-2,0,2,-2,2)},
[
((0, 2, 1, 5, 1), 1),
((0, 1, 2, 1, 5), 1),
((0, 1, 5, 1, 2), 1),
((0, 5, 1, 2, 1), 1)
]),

({'irreps': (1,1,1,0), 'pg': A_1, 'name': T40, 'occupations': (0,0,0,0), 'charges': (1,-1,0,2,-2,0,2,-2,2)},
[
((0, 3, 3, 0, 0), 1),
((0, 0, 3, 3, 0), 1),
((0, 3, 0, 0, 3), 1),
((0, 0, 0, 3, 3), 1)
]),

({'irreps': (1,1,1,0), 'pg': A_1, 'name': T41, 'occupations': (0,0,0,0), 'charges': (1,-1,0,2,-2,0,2,-2,2)},
[
((1, 1, 5, 4, 0), 1),
((1, 5, 1, 0, 4), 1),
((1, 1, 0, 4, 5), 1),
((1, 5, 4, 0, 1), 1),
((1, 4, 5, 1, 0), 1),
((1, 0, 4, 5, 1), 1),
((1, 4, 0, 1, 5), 1),
((1, 0, 1, 5, 4), 1)
]),

({'irreps': (1,1,1,0), 'pg': A_1, 'name': T42, 'occupations': (0,0,0,0), 'charges': (1,-1,0,2,-2,0,2,-2,2)},
[
((0, 0, 3, 2, 1), 1),
((0, 3, 0, 1, 2), 1),
((0, 0, 1, 2, 3), 1),
((0, 3, 2, 1, 0), 1),
((0, 1, 0, 3, 2), 1),
((0, 2, 3, 0, 1), 1),
((0, 1, 2, 3, 0), 1),
((0, 2, 1, 0, 3), 1)
]),

({'irreps': (1,1,1,0), 'pg': A_1, 'name': T43, 'occupations': (0,0,0,0), 'charges': (1,-1,0,2,-2,0,2,-2,2)},
[
((0, 0, 0, 0, 3), 1),
((0, 0, 0, 3, 0), 1),
((0, 3, 0, 0, 0), 1),
((0, 0, 3, 0, 0), 1)
]),

({'irreps': (1,1,1,0), 'pg': A_1, 'name': T44, 'occupations': (0,0,0,0), 'charges': (1,-1,0,2,-2,0,2,-2,2)},
[
((0, 6, 0, 2, 0), 1),
((0, 2, 0, 6, 0), 1),
((0, 0, 6, 0, 2), 1),
((0, 0, 2, 0, 6), 1)
]),

({'irreps': (1,1,1,0), 'pg': A_1, 'name': T45, 'occupations': (0,0,0,0), 'charges': (1,-1,0,2,-2,0,2,-2,2)},
[
((0, 5, 1, 4, 5), 1),
((0, 5, 4, 1, 5), 1),
((0, 1, 4, 5, 5), 1),
((0, 4, 1, 5, 5), 1),
((0, 5, 5, 1, 4), 1),
((0, 5, 5, 4, 1), 1),
((0, 1, 5, 5, 4), 1),
((0, 4, 5, 5, 1), 1)
]),

({'irreps': (1,1,1,0), 'pg': A_1, 'name': T46, 'occupations': (0,0,0,0), 'charges': (1,-1,0,2,-2,0,2,-2,2)},
[
((1, 3, 5, 4, 4), 1),
((1, 4, 4, 5, 3), 1),
((1, 4, 3, 5, 4), 1),
((1, 4, 5, 3, 4), 1),
((1, 5, 4, 4, 3), 1),
((1, 3, 4, 4, 5), 1),
((1, 5, 3, 4, 4), 1),
((1, 4, 4, 3, 5), 1)
]),

({'irreps': (1,1,1,0), 'pg': A_1, 'name': T47, 'occupations': (0,0,0,0), 'charges': (1,-1,0,2,-2,0,2,-2,2)},
[
((0, 2, 4, 1, 2), 1),
((0, 2, 1, 4, 2), 1),
((0, 2, 2, 1, 4), 1),
((0, 4, 1, 2, 2), 1),
((0, 1, 2, 2, 4), 1),
((0, 2, 2, 4, 1), 1),
((0, 1, 4, 2, 2), 1),
((0, 4, 2, 2, 1), 1)
]),

({'irreps': (1,1,1,0), 'pg': A_1, 'name': T48, 'occupations': (0,0,0,0), 'charges': (1,-1,0,2,-2,0,2,-2,2)},
[
((0, 5, 3, 6, 3), 1),
((0, 6, 3, 5, 3), 1),
((0, 3, 6, 3, 5), 1),
((0, 3, 5, 3, 6), 1)
]),

({'irreps': (1,1,1,0), 'pg': A_1, 'name': T49, 'occupations': (0,0,0,0), 'charges': (1,-1,0,2,-2,0,2,-2,2)},
[
((1, 2, 4, 3, 6), 1),
((1, 4, 3, 6, 2), 1),
((1, 4, 2, 6, 3), 1),
((1, 6, 3, 4, 2), 1),
((1, 2, 6, 3, 4), 1),
((1, 6, 2, 4, 3), 1),
((1, 3, 6, 2, 4), 1),
((1, 3, 4, 2, 6), 1)
]),

({'irreps': (1,1,1,0), 'pg': A_1, 'name': T50, 'occupations': (0,0,0,0), 'charges': (1,-1,0,2,-2,0,2,-2,2)},
[
((1, 0, 1, 1, 5), 1),
((1, 1, 1, 0, 5), 1),
((1, 1, 0, 5, 1), 1),
((1, 5, 1, 1, 0), 1),
((1, 0, 5, 1, 1), 1),
((1, 5, 0, 1, 1), 1),
((1, 1, 1, 5, 0), 1),
((1, 1, 5, 0, 1), 1)
]),

({'irreps': (1,1,1,0), 'pg': A_1, 'name': T51, 'occupations': (0,0,0,0), 'charges': (1,-1,0,2,-2,0,2,-2,2)},
[
((0, 0, 4, 3, 5), 1),
((0, 5, 0, 4, 3), 1),
((0, 3, 4, 0, 5), 1),
((0, 0, 5, 3, 4), 1),
((0, 3, 5, 0, 4), 1),
((0, 4, 0, 5, 3), 1),
((0, 4, 3, 5, 0), 1),
((0, 5, 3, 4, 0), 1)
]),

({'irreps': (1,1,1,0), 'pg': A_1, 'name': T52, 'occupations': (0,0,0,0), 'charges': (1,-1,0,2,-2,0,2,-2,2)},
[
((1, 6, 6, 3, 5), 1),
((1, 6, 3, 5, 6), 1),
((1, 6, 5, 3, 6), 1),
((1, 3, 5, 6, 6), 1),
((1, 6, 6, 5, 3), 1),
((1, 5, 6, 6, 3), 1),
((1, 3, 6, 6, 5), 1),
((1, 5, 3, 6, 6), 1)
]),

({'irreps': (1,1,1,0), 'pg': A_1, 'name': T53, 'occupations': (0,0,0,0), 'charges': (1,-1,0,2,-2,0,2,-2,2)},
[
((1, 0, 0, 3, 4), 1),
((1, 3, 4, 0, 0), 1),
((1, 4, 0, 0, 3), 1),
((1, 0, 3, 4, 0), 1),
((1, 4, 3, 0, 0), 1),
((1, 0, 0, 4, 3), 1),
((1, 0, 4, 3, 0), 1),
((1, 3, 0, 0, 4), 1)
]),

({'irreps': (1,1,1,0), 'pg': A_1, 'name': T54, 'occupations': (0,0,0,0), 'charges': (1,-1,0,2,-2,0,2,-2,2)},
[
((1, 1, 6, 3, 2), 1),
((1, 3, 2, 1, 6), 1),
((1, 6, 1, 2, 3), 1),
((1, 1, 2, 3, 6), 1),
((1, 3, 6, 1, 2), 1),
((1, 6, 3, 2, 1), 1),
((1, 2, 1, 6, 3), 1),
((1, 2, 3, 6, 1), 1)
]),

({'irreps': (1,1,1,0), 'pg': A_1, 'name': T55, 'occupations': (0,0,0,0), 'charges': (1,-1,0,2,-2,0,2,-2,2)},
[
((1, 4, 6, 3, 2), 1),
((1, 6, 3, 2, 4), 1),
((1, 2, 3, 6, 4), 1),
((1, 3, 6, 4, 2), 1),
((1, 6, 4, 2, 3), 1),
((1, 4, 2, 3, 6), 1),
((1, 2, 4, 6, 3), 1),
((1, 3, 2, 4, 6), 1)
]),

({'irreps': (1,1,1,0), 'pg': A_1, 'name': T56, 'occupations': (0,0,0,0), 'charges': (1,-1,0,2,-2,0,2,-2,2)},
[
((1, 6, 6, 0, 2), 1),
((1, 0, 6, 6, 2), 1),
((1, 6, 6, 2, 0), 1),
((1, 0, 2, 6, 6), 1),
((1, 6, 0, 2, 6), 1),
((1, 6, 2, 0, 6), 1),
((1, 2, 0, 6, 6), 1),
((1, 2, 6, 6, 0), 1)
]),

({'irreps': (1,1,1,0), 'pg': A_1, 'name': T57, 'occupations': (0,0,0,0), 'charges': (1,-1,0,2,-2,0,2,-2,2)},
[
((0, 4, 2, 6, 2), 1),
((0, 6, 2, 4, 2), 1),
((0, 2, 6, 2, 4), 1),
((0, 2, 4, 2, 6), 1)
]),

({'irreps': (1,1,1,0), 'pg': A_1, 'name': T58, 'occupations': (0,0,0,0), 'charges': (1,-1,0,2,-2,0,2,-2,2)},
[
((1, 0, 4, 1, 5), 1),
((1, 4, 0, 5, 1), 1),
((1, 1, 4, 0, 5), 1),
((1, 5, 0, 4, 1), 1),
((1, 4, 1, 5, 0), 1),
((1, 5, 1, 4, 0), 1),
((1, 1, 5, 0, 4), 1),
((1, 0, 5, 1, 4), 1)
]),

({'irreps': (1,1,1,0), 'pg': A_1, 'name': T59, 'occupations': (0,0,0,0), 'charges': (1,-1,0,2,-2,0,2,-2,2)},
[
((0, 6, 2, 2, 1), 1),
((0, 1, 2, 2, 6), 1),
((0, 2, 6, 1, 2), 1),
((0, 2, 1, 6, 2), 1),
((0, 2, 2, 6, 1), 1),
((0, 1, 6, 2, 2), 1),
((0, 2, 2, 1, 6), 1),
((0, 6, 1, 2, 2), 1)
]),

({'irreps': (1,1,1,0), 'pg': A_1, 'name': T60, 'occupations': (0,0,0,0), 'charges': (1,-1,0,2,-2,0,2,-2,2)},
[
((1, 6, 2, 3, 4), 1),
((1, 2, 3, 4, 6), 1),
((1, 4, 6, 2, 3), 1),
((1, 6, 4, 3, 2), 1),
((1, 3, 4, 6, 2), 1),
((1, 4, 3, 2, 6), 1),
((1, 3, 2, 6, 4), 1),
((1, 2, 6, 4, 3), 1)
]),

({'irreps': (1,1,1,0), 'pg': A_1, 'name': T61, 'occupations': (0,0,0,0), 'charges': (1,-1,0,2,-2,0,2,-2,2)},
[
((1, 0, 1, 1, 2), 1),
((1, 1, 0, 2, 1), 1),
((1, 1, 2, 0, 1), 1),
((1, 0, 2, 1, 1), 1),
((1, 1, 1, 2, 0), 1),
((1, 2, 0, 1, 1), 1),
((1, 1, 1, 0, 2), 1),
((1, 2, 1, 1, 0), 1)
]),

({'irreps': (1,1,1,0), 'pg': A_1, 'name': T62, 'occupations': (0,0,0,0), 'charges': (1,-1,0,2,-2,0,2,-2,2)},
[
((1, 3, 6, 0, 0), 1),
((1, 6, 3, 0, 0), 1),
((1, 0, 6, 3, 0), 1),
((1, 0, 3, 6, 0), 1),
((1, 3, 0, 0, 6), 1),
((1, 0, 0, 6, 3), 1),
((1, 6, 0, 0, 3), 1),
((1, 0, 0, 3, 6), 1)
]),

({'irreps': (1,1,1,0), 'pg': A_1, 'name': T63, 'occupations': (0,0,0,0), 'charges': (1,-1,0,2,-2,0,2,-2,2)},
[
((1, 4, 2, 3, 4), 1),
((1, 4, 3, 2, 4), 1),
((1, 3, 2, 4, 4), 1),
((1, 2, 4, 4, 3), 1),
((1, 3, 4, 4, 2), 1),
((1, 2, 3, 4, 4), 1),
((1, 4, 4, 3, 2), 1),
((1, 4, 4, 2, 3), 1)
]),

({'irreps': (1,1,1,0), 'pg': A_1, 'name': T64, 'occupations': (0,0,0,0), 'charges': (1,-1,0,2,-2,0,2,-2,2)},
[
((1, 5, 6, 0, 6), 1),
((1, 6, 0, 6, 5), 1),
((1, 6, 5, 6, 0), 1),
((1, 0, 6, 5, 6), 1)
]),

({'irreps': (1,1,1,0), 'pg': A_1, 'name': T65, 'occupations': (0,0,0,0), 'charges': (1,-1,0,2,-2,0,2,-2,2)},
[
((0, 0, 6, 0, 5), 1),
((0, 6, 0, 5, 0), 1),
((0, 0, 5, 0, 6), 1),
((0, 5, 0, 6, 0), 1)
]),

({'irreps': (1,1,1,0), 'pg': A_1, 'name': T66, 'occupations': (0,0,0,0), 'charges': (1,-1,0,2,-2,0,2,-2,2)},
[
((1, 0, 0, 1, 0), 1),
((1, 0, 1, 0, 0), 1),
((1, 1, 0, 0, 0), 1),
((1, 0, 0, 0, 1), 1)
]),

({'irreps': (1,1,1,0), 'pg': A_1, 'name': T67, 'occupations': (0,0,0,0), 'charges': (1,-1,0,2,-2,0,2,-2,2)},
[
((1, 2, 4, 6, 0), 1),
((1, 6, 0, 2, 4), 1),
((1, 2, 0, 6, 4), 1),
((1, 0, 2, 4, 6), 1),
((1, 4, 6, 0, 2), 1),
((1, 6, 4, 2, 0), 1),
((1, 4, 2, 0, 6), 1),
((1, 0, 6, 4, 2), 1)
]),

({'irreps': (1,1,1,0), 'pg': A_1, 'name': T68, 'occupations': (0,0,0,0), 'charges': (1,-1,0,2,-2,0,2,-2,2)},
[
((1, 3, 5, 1, 6), 1),
((1, 1, 6, 3, 5), 1),
((1, 3, 6, 1, 5), 1),
((1, 6, 1, 5, 3), 1),
((1, 1, 5, 3, 6), 1),
((1, 5, 1, 6, 3), 1),
((1, 5, 3, 6, 1), 1),
((1, 6, 3, 5, 1), 1)
]),

({'irreps': (1,1,1,0), 'pg': A_1, 'name': T69, 'occupations': (0,0,0,0), 'charges': (1,-1,0,2,-2,0,2,-2,2)},
[
((0, 2, 0, 0, 6), 1),
((0, 2, 6, 0, 0), 1),
((0, 0, 0, 2, 6), 1),
((0, 0, 2, 6, 0), 1),
((0, 0, 6, 2, 0), 1),
((0, 6, 2, 0, 0), 1),
((0, 0, 0, 6, 2), 1),
((0, 6, 0, 0, 2), 1)
]),

({'irreps': (1,1,1,0), 'pg': A_1, 'name': T70, 'occupations': (0,0,0,0), 'charges': (1,-1,0,2,-2,0,2,-2,2)},
[
((0, 1, 0, 0, 5), 1),
((0, 5, 0, 0, 1), 1),
((0, 1, 5, 0, 0), 1),
((0, 0, 0, 1, 5), 1),
((0, 0, 1, 5, 0), 1),
((0, 0, 5, 1, 0), 1),
((0, 0, 0, 5, 1), 1),
((0, 5, 1, 0, 0), 1)
]),

({'irreps': (1,1,1,0), 'pg': A_1, 'name': T71, 'occupations': (0,0,0,0), 'charges': (1,-1,0,2,-2,0,2,-2,2)},
[
((1, 1, 6, 5, 3), 1),
((1, 3, 1, 6, 5), 1),
((1, 6, 1, 3, 5), 1),
((1, 1, 3, 5, 6), 1),
((1, 3, 5, 6, 1), 1),
((1, 5, 6, 1, 3), 1),
((1, 5, 3, 1, 6), 1),
((1, 6, 5, 3, 1), 1)
]),

({'irreps': (1,1,1,0), 'pg': A_1, 'name': T72, 'occupations': (0,0,0,0), 'charges': (1,-1,0,2,-2,0,2,-2,2)},
[
((1, 3, 2, 6, 6), 1),
((1, 6, 6, 3, 2), 1),
((1, 6, 6, 2, 3), 1),
((1, 2, 6, 6, 3), 1),
((1, 3, 6, 6, 2), 1),
((1, 6, 2, 3, 6), 1),
((1, 6, 3, 2, 6), 1),
((1, 2, 3, 6, 6), 1)
]),

({'irreps': (1,1,1,0), 'pg': A_1, 'name': T73, 'occupations': (0,0,0,0), 'charges': (1,-1,0,2,-2,0,2,-2,2)},
[
((1, 0, 4, 2, 1), 1),
((1, 1, 2, 4, 0), 1),
((1, 2, 4, 0, 1), 1),
((1, 1, 0, 4, 2), 1),
((1, 4, 0, 1, 2), 1),
((1, 0, 1, 2, 4), 1),
((1, 2, 1, 0, 4), 1),
((1, 4, 2, 1, 0), 1)
]),

({'irreps': (1,1,1,0), 'pg': A_1, 'name': T74, 'occupations': (0,0,0,0), 'charges': (1,-1,0,2,-2,0,2,-2,2)},
[
((1, 5, 0, 4, 6), 1),
((1, 6, 5, 0, 4), 1),
((1, 0, 5, 6, 4), 1),
((1, 5, 6, 4, 0), 1),
((1, 4, 6, 5, 0), 1),
((1, 6, 4, 0, 5), 1),
((1, 0, 4, 6, 5), 1),
((1, 4, 0, 5, 6), 1)
]),

({'irreps': (1,1,1,0), 'pg': A_1, 'name': T75, 'occupations': (0,0,0,0), 'charges': (1,-1,0,2,-2,0,2,-2,2)},
[
((0, 2, 0, 4, 0), 1),
((0, 4, 0, 2, 0), 1),
((0, 0, 4, 0, 2), 1),
((0, 0, 2, 0, 4), 1)
]),

({'irreps': (1,1,1,0), 'pg': A_1, 'name': T76, 'occupations': (0,0,0,0), 'charges': (1,-1,0,2,-2,0,2,-2,2)},
[
((0, 3, 3, 2, 6), 1),
((0, 6, 2, 3, 3), 1),
((0, 2, 6, 3, 3), 1),
((0, 3, 2, 6, 3), 1),
((0, 3, 3, 6, 2), 1),
((0, 3, 6, 2, 3), 1),
((0, 6, 3, 3, 2), 1),
((0, 2, 3, 3, 6), 1)
]),

({'irreps': (1,1,1,0), 'pg': A_1, 'name': T77, 'occupations': (0,0,0,0), 'charges': (1,-1,0,2,-2,0,2,-2,2)},
[
((1, 4, 3, 5, 6), 1),
((1, 5, 3, 4, 6), 1),
((1, 3, 4, 6, 5), 1),
((1, 6, 4, 3, 5), 1),
((1, 5, 6, 4, 3), 1),
((1, 6, 5, 3, 4), 1),
((1, 3, 5, 6, 4), 1),
((1, 4, 6, 5, 3), 1)
]),

({'irreps': (1,1,1,0), 'pg': A_1, 'name': T78, 'occupations': (0,0,0,0), 'charges': (1,-1,0,2,-2,0,2,-2,2)},
[
((0, 0, 2, 3, 1), 1),
((0, 3, 1, 0, 2), 1),
((0, 0, 1, 3, 2), 1),
((0, 2, 3, 1, 0), 1),
((0, 3, 2, 0, 1), 1),
((0, 1, 0, 2, 3), 1),
((0, 1, 3, 2, 0), 1),
((0, 2, 0, 1, 3), 1)
]),

({'irreps': (1,1,1,0), 'pg': A_1, 'name': T79, 'occupations': (0,0,0,0), 'charges': (1,-1,0,2,-2,0,2,-2,2)},
[
((0, 5, 4, 0, 3), 1),
((0, 3, 0, 4, 5), 1),
((0, 0, 3, 5, 4), 1),
((0, 5, 3, 0, 4), 1),
((0, 4, 5, 3, 0), 1),
((0, 0, 4, 5, 3), 1),
((0, 3, 5, 4, 0), 1),
((0, 4, 0, 3, 5), 1)
]),

({'irreps': (1,1,1,0), 'pg': A_1, 'name': T80, 'occupations': (0,0,0,0), 'charges': (1,-1,0,2,-2,0,2,-2,2)},
[
((1, 5, 4, 3, 6), 1),
((1, 4, 3, 6, 5), 1),
((1, 6, 5, 4, 3), 1),
((1, 5, 6, 3, 4), 1),
((1, 6, 3, 4, 5), 1),
((1, 3, 4, 5, 6), 1),
((1, 3, 6, 5, 4), 1),
((1, 4, 5, 6, 3), 1)
]),

({'irreps': (1,1,1,0), 'pg': A_1, 'name': T81, 'occupations': (0,0,0,0), 'charges': (1,-1,0,2,-2,0,2,-2,2)},
[
((0, 2, 1, 0, 0), 1),
((0, 1, 0, 0, 2), 1),
((0, 0, 0, 1, 2), 1),
((0, 0, 0, 2, 1), 1),
((0, 0, 2, 1, 0), 1),
((0, 0, 1, 2, 0), 1),
((0, 2, 0, 0, 1), 1),
((0, 1, 2, 0, 0), 1)
]),

({'irreps': (1,1,1,0), 'pg': A_1, 'name': T82, 'occupations': (0,0,0,0), 'charges': (1,-1,0,2,-2,0,2,-2,2)},
[
((1, 3, 2, 1, 4), 1),
((1, 2, 3, 4, 1), 1),
((1, 1, 4, 3, 2), 1),
((1, 2, 1, 4, 3), 1),
((1, 4, 3, 2, 1), 1),
((1, 3, 4, 1, 2), 1),
((1, 1, 2, 3, 4), 1),
((1, 4, 1, 2, 3), 1)
]),

({'irreps': (1,1,1,0), 'pg': A_1, 'name': T83, 'occupations': (0,0,0,0), 'charges': (1,-1,0,2,-2,0,2,-2,2)},
[
((1, 3, 1, 5, 6), 1),
((1, 1, 3, 6, 5), 1),
((1, 1, 5, 6, 3), 1),
((1, 6, 5, 1, 3), 1),
((1, 6, 3, 1, 5), 1),
((1, 3, 6, 5, 1), 1),
((1, 5, 6, 3, 1), 1),
((1, 5, 1, 3, 6), 1)
]),

({'irreps': (1,1,1,0), 'pg': A_1, 'name': T84, 'occupations': (0,0,0,0), 'charges': (1,-1,0,2,-2,0,2,-2,2)},
[
((0, 3, 2, 0, 6), 1),
((0, 6, 3, 2, 0), 1),
((0, 2, 0, 6, 3), 1),
((0, 3, 6, 0, 2), 1),
((0, 0, 6, 3, 2), 1),
((0, 0, 2, 3, 6), 1),
((0, 2, 3, 6, 0), 1),
((0, 6, 0, 2, 3), 1)
]),

({'irreps': (1,1,1,0), 'pg': A_1, 'name': T85, 'occupations': (0,0,0,0), 'charges': (1,-1,0,2,-2,0,2,-2,2)},
[
((1, 3, 1, 2, 1), 1),
((1, 1, 2, 1, 3), 1),
((1, 1, 3, 1, 2), 1),
((1, 2, 1, 3, 1), 1)
]),

({'irreps': (1,1,1,0), 'pg': A_1, 'name': T86, 'occupations': (0,0,0,0), 'charges': (1,-1,0,2,-2,0,2,-2,2)},
[
((0, 6, 2, 6, 2), 1),
((0, 2, 6, 2, 6), 1)
]),

({'irreps': (1,1,1,0), 'pg': A_1, 'name': T87, 'occupations': (0,0,0,0), 'charges': (1,-1,0,2,-2,0,2,-2,2)},
[
((0, 0, 3, 3, 3), 1),
((0, 3, 3, 0, 3), 1),
((0, 3, 3, 3, 0), 1),
((0, 3, 0, 3, 3), 1)
]),

({'irreps': (1,1,1,0), 'pg': A_1, 'name': T88, 'occupations': (0,0,0,0), 'charges': (1,-1,0,2,-2,0,2,-2,2)},
[
((1, 5, 6, 0, 4), 1),
((1, 0, 4, 5, 6), 1),
((1, 5, 4, 0, 6), 1),
((1, 0, 6, 5, 4), 1),
((1, 4, 0, 6, 5), 1),
((1, 4, 5, 6, 0), 1),
((1, 6, 0, 4, 5), 1),
((1, 6, 5, 4, 0), 1)
]),

({'irreps': (1,1,1,0), 'pg': A_1, 'name': T89, 'occupations': (0,0,0,0), 'charges': (1,-1,0,2,-2,0,2,-2,2)},
[
((0, 1, 1, 2, 2), 1),
((0, 2, 2, 1, 1), 1),
((0, 2, 1, 1, 2), 1),
((0, 1, 2, 2, 1), 1)
]),

({'irreps': (1,1,1,0), 'pg': A_1, 'name': T90, 'occupations': (0,0,0,0), 'charges': (1,-1,0,2,-2,0,2,-2,2)},
[
((1, 5, 3, 4, 1), 1),
((1, 4, 1, 5, 3), 1),
((1, 5, 1, 4, 3), 1),
((1, 1, 4, 3, 5), 1),
((1, 4, 3, 5, 1), 1),
((1, 3, 4, 1, 5), 1),
((1, 3, 5, 1, 4), 1),
((1, 1, 5, 3, 4), 1)
]),

({'irreps': (1,1,1,0), 'pg': A_1, 'name': T91, 'occupations': (0,0,0,0), 'charges': (1,-1,0,2,-2,0,2,-2,2)},
[
((0, 5, 3, 1, 3), 1),
((0, 1, 3, 5, 3), 1),
((0, 3, 5, 3, 1), 1),
((0, 3, 1, 3, 5), 1)
]),

({'irreps': (1,1,1,0), 'pg': A_1, 'name': T92, 'occupations': (0,0,0,0), 'charges': (1,-1,0,2,-2,0,2,-2,2)},
[
((0, 5, 3, 1, 0), 1),
((0, 5, 0, 1, 3), 1),
((0, 1, 3, 5, 0), 1),
((0, 0, 1, 3, 5), 1),
((0, 1, 0, 5, 3), 1),
((0, 3, 1, 0, 5), 1),
((0, 0, 5, 3, 1), 1),
((0, 3, 5, 0, 1), 1)
]),

({'irreps': (1,1,1,0), 'pg': A_1, 'name': T93, 'occupations': (0,0,0,0), 'charges': (1,-1,0,2,-2,0,2,-2,2)},
[
((1, 1, 0, 2, 6), 1),
((1, 2, 0, 1, 6), 1),
((1, 6, 2, 0, 1), 1),
((1, 0, 2, 6, 1), 1),
((1, 2, 6, 1, 0), 1),
((1, 0, 1, 6, 2), 1),
((1, 6, 1, 0, 2), 1),
((1, 1, 6, 2, 0), 1)
]),

({'irreps': (1,1,1,0), 'pg': A_1, 'name': T94, 'occupations': (0,0,0,0), 'charges': (1,-1,0,2,-2,0,2,-2,2)},
[
((0, 6, 2, 6, 5), 1),
((0, 5, 6, 2, 6), 1),
((0, 6, 5, 6, 2), 1),
((0, 2, 6, 5, 6), 1)
]),

({'irreps': (1,1,1,0), 'pg': A_1, 'name': T95, 'occupations': (0,0,0,0), 'charges': (1,-1,0,2,-2,0,2,-2,2)},
[
((0, 3, 3, 6, 5), 1),
((0, 6, 5, 3, 3), 1),
((0, 5, 3, 3, 6), 1),
((0, 3, 3, 5, 6), 1),
((0, 5, 6, 3, 3), 1),
((0, 3, 5, 6, 3), 1),
((0, 3, 6, 5, 3), 1),
((0, 6, 3, 3, 5), 1)
]),

({'irreps': (1,1,1,0), 'pg': A_1, 'name': T96, 'occupations': (0,0,0,0), 'charges': (1,-1,0,2,-2,0,2,-2,2)},
[
((1, 4, 3, 3, 3), 1),
((1, 3, 3, 4, 3), 1),
((1, 3, 4, 3, 3), 1),
((1, 3, 3, 3, 4), 1)
]),

({'irreps': (1,1,1,0), 'pg': A_1, 'name': T97, 'occupations': (0,0,0,0), 'charges': (1,-1,0,2,-2,0,2,-2,2)},
[
((0, 4, 2, 4, 2), 1),
((0, 2, 4, 2, 4), 1)
]),

({'irreps': (1,1,1,0), 'pg': A_1, 'name': T98, 'occupations': (0,0,0,0), 'charges': (1,-1,0,2,-2,0,2,-2,2)},
[
((1, 1, 1, 5, 3), 1),
((1, 3, 5, 1, 1), 1),
((1, 5, 3, 1, 1), 1),
((1, 1, 1, 3, 5), 1),
((1, 5, 1, 1, 3), 1),
((1, 3, 1, 1, 5), 1),
((1, 1, 5, 3, 1), 1),
((1, 1, 3, 5, 1), 1)
]),

({'irreps': (1,1,1,0), 'pg': A_1, 'name': T99, 'occupations': (0,0,0,0), 'charges': (1,-1,0,2,-2,0,2,-2,2)},
[
((1, 2, 1, 3, 4), 1),
((1, 4, 3, 1, 2), 1),
((1, 2, 4, 3, 1), 1),
((1, 1, 2, 4, 3), 1),
((1, 1, 3, 4, 2), 1),
((1, 3, 1, 2, 4), 1),
((1, 3, 4, 2, 1), 1),
((1, 4, 2, 1, 3), 1)
]),

({'irreps': (1,1,1,0), 'pg': A_1, 'name': T100, 'occupations': (0,0,0,0), 'charges': (1,-1,0,2,-2,0,2,-2,2)},
[
((0, 6, 5, 5, 4), 1),
((0, 5, 6, 4, 5), 1),
((0, 5, 4, 6, 5), 1),
((0, 5, 5, 6, 4), 1),
((0, 6, 4, 5, 5), 1),
((0, 5, 5, 4, 6), 1),
((0, 4, 5, 5, 6), 1),
((0, 4, 6, 5, 5), 1)
]),

({'irreps': (1,1,1,0), 'pg': A_1, 'name': T101, 'occupations': (0,0,0,0), 'charges': (1,-1,0,2,-2,0,2,-2,2)},
[
((0, 2, 3, 6, 3), 1),
((0, 6, 3, 2, 3), 1),
((0, 3, 2, 3, 6), 1),
((0, 3, 6, 3, 2), 1)
]),

({'irreps': (1,1,1,0), 'pg': A_1, 'name': T102, 'occupations': (0,0,0,0), 'charges': (1,-1,0,2,-2,0,2,-2,2)},
[
((0, 1, 2, 6, 5), 1),
((0, 6, 5, 1, 2), 1),
((0, 2, 1, 5, 6), 1),
((0, 1, 5, 6, 2), 1),
((0, 2, 6, 5, 1), 1),
((0, 5, 6, 2, 1), 1),
((0, 5, 1, 2, 6), 1),
((0, 6, 2, 1, 5), 1)
]),

({'irreps': (1,1,1,0), 'pg': A_1, 'name': T103, 'occupations': (0,0,0,0), 'charges': (1,-1,0,2,-2,0,2,-2,2)},
[
((1, 1, 0, 3, 3), 1),
((1, 1, 3, 3, 0), 1),
((1, 0, 1, 3, 3), 1),
((1, 3, 0, 1, 3), 1),
((1, 3, 1, 0, 3), 1),
((1, 3, 3, 1, 0), 1),
((1, 3, 3, 0, 1), 1),
((1, 0, 3, 3, 1), 1)
]),

({'irreps': (1,1,1,0), 'pg': A_1, 'name': T104, 'occupations': (0,0,0,0), 'charges': (1,-1,0,2,-2,0,2,-2,2)},
[
((1, 1, 2, 0, 6), 1),
((1, 6, 1, 2, 0), 1),
((1, 6, 0, 2, 1), 1),
((1, 2, 1, 6, 0), 1),
((1, 0, 6, 1, 2), 1),
((1, 1, 6, 0, 2), 1),
((1, 2, 0, 6, 1), 1),
((1, 0, 2, 1, 6), 1)
]),

({'irreps': (1,1,1,0), 'pg': A_1, 'name': T105, 'occupations': (0,0,0,0), 'charges': (1,-1,0,2,-2,0,2,-2,2)},
[
((1, 0, 0, 0, 6), 1),
((1, 0, 0, 6, 0), 1),
((1, 0, 6, 0, 0), 1),
((1, 6, 0, 0, 0), 1)
]),

({'irreps': (1,1,1,0), 'pg': A_1, 'name': T106, 'occupations': (0,0,0,0), 'charges': (1,-1,0,2,-2,0,2,-2,2)},
[
((0, 6, 2, 2, 4), 1),
((0, 4, 6, 2, 2), 1),
((0, 6, 4, 2, 2), 1),
((0, 2, 2, 4, 6), 1),
((0, 2, 4, 6, 2), 1),
((0, 2, 2, 6, 4), 1),
((0, 4, 2, 2, 6), 1),
((0, 2, 6, 4, 2), 1)
]),

({'irreps': (1,1,1,0), 'pg': A_1, 'name': T107, 'occupations': (0,0,0,0), 'charges': (1,-1,0,2,-2,0,2,-2,2)},
[
((0, 0, 3, 2, 4), 1),
((0, 2, 4, 0, 3), 1),
((0, 4, 2, 3, 0), 1),
((0, 2, 3, 0, 4), 1),
((0, 4, 0, 3, 2), 1),
((0, 0, 4, 2, 3), 1),
((0, 3, 0, 4, 2), 1),
((0, 3, 2, 4, 0), 1)
]),

({'irreps': (1,1,1,0), 'pg': A_1, 'name': T108, 'occupations': (0,0,0,0), 'charges': (1,-1,0,2,-2,0,2,-2,2)},
[
((0, 0, 0, 6, 5), 1),
((0, 5, 0, 0, 6), 1),
((0, 6, 5, 0, 0), 1),
((0, 0, 6, 5, 0), 1),
((0, 0, 5, 6, 0), 1),
((0, 5, 6, 0, 0), 1),
((0, 0, 0, 5, 6), 1),
((0, 6, 0, 0, 5), 1)
]),

({'irreps': (1,1,1,0), 'pg': A_1, 'name': T109, 'occupations': (0,0,0,0), 'charges': (1,-1,0,2,-2,0,2,-2,2)},
[
((1, 3, 3, 4, 0), 1),
((1, 0, 4, 3, 3), 1),
((1, 3, 0, 4, 3), 1),
((1, 3, 4, 0, 3), 1),
((1, 3, 3, 0, 4), 1),
((1, 0, 3, 3, 4), 1),
((1, 4, 3, 3, 0), 1),
((1, 4, 0, 3, 3), 1)
]),

({'irreps': (1,1,1,0), 'pg': A_1, 'name': T110, 'occupations': (0,0,0,0), 'charges': (1,-1,0,2,-2,0,2,-2,2)},
[
((1, 0, 4, 0, 0), 1),
((1, 0, 0, 4, 0), 1),
((1, 0, 0, 0, 4), 1),
((1, 4, 0, 0, 0), 1)
]),

({'irreps': (1,1,1,0), 'pg': A_1, 'name': T111, 'occupations': (0,0,0,0), 'charges': (1,-1,0,2,-2,0,2,-2,2)},
[
((1, 3, 6, 3, 3), 1),
((1, 3, 3, 6, 3), 1),
((1, 6, 3, 3, 3), 1),
((1, 3, 3, 3, 6), 1)
]),

({'irreps': (1,1,1,0), 'pg': A_1, 'name': T112, 'occupations': (0,0,0,0), 'charges': (1,-1,0,2,-2,0,2,-2,2)},
[
((1, 0, 0, 1, 3), 1),
((1, 0, 0, 3, 1), 1),
((1, 1, 3, 0, 0), 1),
((1, 0, 3, 1, 0), 1),
((1, 0, 1, 3, 0), 1),
((1, 1, 0, 0, 3), 1),
((1, 3, 0, 0, 1), 1),
((1, 3, 1, 0, 0), 1)
]),

({'irreps': (1,1,1,0), 'pg': A_1, 'name': T113, 'occupations': (0,0,0,0), 'charges': (1,-1,0,2,-2,0,2,-2,2)},
[
((1, 0, 3, 3, 6), 1),
((1, 3, 3, 0, 6), 1),
((1, 3, 3, 6, 0), 1),
((1, 6, 0, 3, 3), 1),
((1, 0, 6, 3, 3), 1),
((1, 3, 6, 0, 3), 1),
((1, 3, 0, 6, 3), 1),
((1, 6, 3, 3, 0), 1)
]),

({'irreps': (1,1,1,0), 'pg': A_1, 'name': T114, 'occupations': (0,0,0,0), 'charges': (1,-1,0,2,-2,0,2,-2,2)},
[
((0, 3, 2, 6, 0), 1),
((0, 6, 2, 3, 0), 1),
((0, 2, 6, 0, 3), 1),
((0, 3, 0, 6, 2), 1),
((0, 0, 3, 2, 6), 1),
((0, 0, 6, 2, 3), 1),
((0, 2, 3, 0, 6), 1),
((0, 6, 0, 3, 2), 1)
]),

({'irreps': (1,1,1,0), 'pg': A_1, 'name': T115, 'occupations': (0,0,0,0), 'charges': (1,-1,0,2,-2,0,2,-2,2)},
[
((0, 2, 3, 3, 4), 1),
((0, 3, 3, 4, 2), 1),
((0, 3, 2, 4, 3), 1),
((0, 3, 4, 2, 3), 1),
((0, 4, 3, 3, 2), 1),
((0, 2, 4, 3, 3), 1),
((0, 3, 3, 2, 4), 1),
((0, 4, 2, 3, 3), 1)
]),

({'irreps': (1,1,1,0), 'pg': A_1, 'name': T116, 'occupations': (0,0,0,0), 'charges': (1,-1,0,2,-2,0,2,-2,2)},
[
((1, 1, 4, 5, 0), 1),
((1, 0, 1, 4, 5), 1),
((1, 5, 0, 1, 4), 1),
((1, 4, 5, 0, 1), 1),
((1, 5, 4, 1, 0), 1),
((1, 0, 5, 4, 1), 1),
((1, 1, 0, 5, 4), 1),
((1, 4, 1, 0, 5), 1)
]),

({'irreps': (1,1,1,0), 'pg': A_1, 'name': T117, 'occupations': (0,0,0,0), 'charges': (1,-1,0,2,-2,0,2,-2,2)},
[
((1, 2, 1, 4, 0), 1),
((1, 2, 0, 4, 1), 1),
((1, 1, 4, 0, 2), 1),
((1, 0, 2, 1, 4), 1),
((1, 1, 2, 0, 4), 1),
((1, 0, 4, 1, 2), 1),
((1, 4, 1, 2, 0), 1),
((1, 4, 0, 2, 1), 1)
]),

({'irreps': (1,1,1,0), 'pg': A_1, 'name': T118, 'occupations': (0,0,0,0), 'charges': (1,-1,0,2,-2,0,2,-2,2)},
[
((0, 2, 6, 5, 4), 1),
((0, 5, 4, 2, 6), 1),
((0, 4, 5, 6, 2), 1),
((0, 2, 4, 5, 6), 1),
((0, 4, 2, 6, 5), 1),
((0, 5, 6, 2, 4), 1),
((0, 6, 5, 4, 2), 1),
((0, 6, 2, 4, 5), 1)
]),

({'irreps': (1,1,1,0), 'pg': A_1, 'name': T119, 'occupations': (0,0,0,0), 'charges': (1,-1,0,2,-2,0,2,-2,2)},
[
((0, 6, 5, 5, 6), 1),
((0, 5, 5, 6, 6), 1),
((0, 6, 6, 5, 5), 1),
((0, 5, 6, 6, 5), 1)
]),

({'irreps': (1,1,1,0), 'pg': A_1, 'name': T120, 'occupations': (0,0,0,0), 'charges': (1,-1,0,2,-2,0,2,-2,2)},
[
((0, 4, 5, 2, 6), 1),
((0, 2, 6, 4, 5), 1),
((0, 2, 5, 4, 6), 1),
((0, 4, 6, 2, 5), 1),
((0, 5, 4, 6, 2), 1),
((0, 5, 2, 6, 4), 1),
((0, 6, 2, 5, 4), 1),
((0, 6, 4, 5, 2), 1)
]),

({'irreps': (1,1,1,0), 'pg': A_1, 'name': T121, 'occupations': (0,0,0,0), 'charges': (1,-1,0,2,-2,0,2,-2,2)},
[
((0, 6, 5, 4, 5), 1),
((0, 5, 6, 5, 4), 1),
((0, 5, 4, 5, 6), 1),
((0, 4, 5, 6, 5), 1)
]),

({'irreps': (1,1,1,0), 'pg': A_1, 'name': T122, 'occupations': (0,0,0,0), 'charges': (1,-1,0,2,-2,0,2,-2,2)},
[
((1, 4, 0, 3, 0), 1),
((1, 0, 4, 0, 3), 1),
((1, 0, 3, 0, 4), 1),
((1, 3, 0, 4, 0), 1)
]),

({'irreps': (1,1,1,0), 'pg': A_1, 'name': T123, 'occupations': (0,0,0,0), 'charges': (1,-1,0,2,-2,0,2,-2,2)},
[
((0, 6, 0, 5, 3), 1),
((0, 5, 0, 6, 3), 1),
((0, 0, 6, 3, 5), 1),
((0, 5, 3, 6, 0), 1),
((0, 3, 5, 0, 6), 1),
((0, 0, 5, 3, 6), 1),
((0, 3, 6, 0, 5), 1),
((0, 6, 3, 5, 0), 1)
]),

({'irreps': (1,1,1,0), 'pg': A_1, 'name': T124, 'occupations': (0,0,0,0), 'charges': (1,-1,0,2,-2,0,2,-2,2)},
[
((0, 1, 5, 1, 5), 1),
((0, 5, 1, 5, 1), 1)
]),

({'irreps': (1,1,1,0), 'pg': A_1, 'name': T125, 'occupations': (0,0,0,0), 'charges': (1,-1,0,2,-2,0,2,-2,2)},
[
((1, 3, 1, 3, 0), 1),
((1, 3, 0, 3, 1), 1),
((1, 1, 3, 0, 3), 1),
((1, 0, 3, 1, 3), 1)
]),

({'irreps': (1,1,1,0), 'pg': A_1, 'name': T126, 'occupations': (0,0,0,0), 'charges': (1,-1,0,2,-2,0,2,-2,2)},
[
((1, 3, 6, 2, 6), 1),
((1, 6, 3, 6, 2), 1),
((1, 2, 6, 3, 6), 1),
((1, 6, 2, 6, 3), 1)
]),

({'irreps': (1,1,1,0), 'pg': A_1, 'name': T127, 'occupations': (0,0,0,0), 'charges': (1,-1,0,2,-2,0,2,-2,2)},
[
((1, 3, 5, 4, 1), 1),
((1, 5, 4, 1, 3), 1),
((1, 4, 5, 3, 1), 1),
((1, 3, 1, 4, 5), 1),
((1, 5, 3, 1, 4), 1),
((1, 4, 1, 3, 5), 1),
((1, 1, 4, 5, 3), 1),
((1, 1, 3, 5, 4), 1)
]),

({'irreps': (1,1,1,0), 'pg': A_1, 'name': T128, 'occupations': (0,0,0,0), 'charges': (1,-1,0,2,-2,0,2,-2,2)},
[
((0, 2, 1, 4, 5), 1),
((0, 5, 4, 1, 2), 1),
((0, 2, 5, 4, 1), 1),
((0, 1, 4, 5, 2), 1),
((0, 5, 2, 1, 4), 1),
((0, 1, 2, 5, 4), 1),
((0, 4, 5, 2, 1), 1),
((0, 4, 1, 2, 5), 1)
]),

({'irreps': (1,1,1,0), 'pg': A_1, 'name': T129, 'occupations': (0,0,0,0), 'charges': (1,-1,0,2,-2,0,2,-2,2)},
[
((0, 2, 3, 4, 3), 1),
((0, 4, 3, 2, 3), 1),
((0, 3, 2, 3, 4), 1),
((0, 3, 4, 3, 2), 1)
]),

({'irreps': (1,1,1,0), 'pg': A_1, 'name': T130, 'occupations': (0,0,0,0), 'charges': (1,-1,0,2,-2,0,2,-2,2)},
[
((1, 4, 2, 4, 0), 1),
((1, 0, 4, 2, 4), 1),
((1, 2, 4, 0, 4), 1),
((1, 4, 0, 4, 2), 1)
]),

({'irreps': (1,1,1,0), 'pg': A_1, 'name': T131, 'occupations': (0,0,0,0), 'charges': (1,-1,0,2,-2,0,2,-2,2)},
[
((0, 2, 6, 6, 2), 1),
((0, 6, 2, 2, 6), 1),
((0, 2, 2, 6, 6), 1),
((0, 6, 6, 2, 2), 1)
]),

({'irreps': (1,1,1,0), 'pg': A_1, 'name': T132, 'occupations': (0,0,0,0), 'charges': (1,-1,0,2,-2,0,2,-2,2)},
[
((0, 2, 1, 1, 5), 1),
((0, 1, 2, 5, 1), 1),
((0, 1, 5, 2, 1), 1),
((0, 5, 1, 1, 2), 1),
((0, 2, 5, 1, 1), 1),
((0, 1, 1, 5, 2), 1),
((0, 1, 1, 2, 5), 1),
((0, 5, 2, 1, 1), 1)
]),

({'irreps': (1,1,1,0), 'pg': A_1, 'name': T133, 'occupations': (0,0,0,0), 'charges': (1,-1,0,2,-2,0,2,-2,2)},
[
((1, 5, 1, 0, 1), 1),
((1, 1, 5, 1, 0), 1),
((1, 0, 1, 5, 1), 1),
((1, 1, 0, 1, 5), 1)
]),

({'irreps': (1,1,1,0), 'pg': A_1, 'name': T134, 'occupations': (0,0,0,0), 'charges': (1,-1,0,2,-2,0,2,-2,2)},
[
((0, 3, 0, 5, 6), 1),
((0, 6, 5, 0, 3), 1),
((0, 0, 5, 6, 3), 1),
((0, 0, 3, 6, 5), 1),
((0, 3, 6, 5, 0), 1),
((0, 5, 6, 3, 0), 1),
((0, 5, 0, 3, 6), 1),
((0, 6, 3, 0, 5), 1)
]),

({'irreps': (1,1,1,0), 'pg': A_1, 'name': T135, 'occupations': (0,0,0,0), 'charges': (1,-1,0,2,-2,0,2,-2,2)},
[
((1, 5, 4, 0, 4), 1),
((1, 4, 5, 4, 0), 1),
((1, 4, 0, 4, 5), 1),
((1, 0, 4, 5, 4), 1)
]),

({'irreps': (1,1,1,0), 'pg': A_1, 'name': T136, 'occupations': (0,0,0,0), 'charges': (1,-1,0,2,-2,0,2,-2,2)},
[
((1, 4, 6, 3, 5), 1),
((1, 6, 4, 5, 3), 1),
((1, 3, 6, 4, 5), 1),
((1, 5, 3, 6, 4), 1),
((1, 3, 5, 4, 6), 1),
((1, 4, 5, 3, 6), 1),
((1, 5, 4, 6, 3), 1),
((1, 6, 3, 5, 4), 1)
]),

({'irreps': (1,1,1,0), 'pg': A_1, 'name': T137, 'occupations': (0,0,0,0), 'charges': (1,-1,0,2,-2,0,2,-2,2)},
[
((0, 3, 3, 3, 3), 1)
]),

({'irreps': (1,1,1,0), 'pg': A_1, 'name': T138, 'occupations': (0,0,0,0), 'charges': (1,-1,0,2,-2,0,2,-2,2)},
[
((0, 3, 4, 3, 5), 1),
((0, 4, 3, 5, 3), 1),
((0, 5, 3, 4, 3), 1),
((0, 3, 5, 3, 4), 1)
]),

({'irreps': (1,1,1,0), 'pg': A_1, 'name': T139, 'occupations': (0,0,0,0), 'charges': (1,-1,0,2,-2,0,2,-2,2)},
[
((1, 3, 4, 2, 4), 1),
((1, 2, 4, 3, 4), 1),
((1, 4, 3, 4, 2), 1),
((1, 4, 2, 4, 3), 1)
]),

({'irreps': (1,1,1,0), 'pg': A_1, 'name': T140, 'occupations': (0,0,0,0), 'charges': (1,-1,0,2,-2,0,2,-2,2)},
[
((0, 0, 3, 4, 5), 1),
((0, 3, 0, 5, 4), 1),
((0, 5, 0, 3, 4), 1),
((0, 4, 5, 0, 3), 1),
((0, 0, 5, 4, 3), 1),
((0, 3, 4, 5, 0), 1),
((0, 5, 4, 3, 0), 1),
((0, 4, 3, 0, 5), 1)
]),

({'irreps': (1,1,1,0), 'pg': A_1, 'name': T141, 'occupations': (0,0,0,0), 'charges': (1,-1,0,2,-2,0,2,-2,2)},
[
((1, 1, 6, 2, 3), 1),
((1, 3, 2, 6, 1), 1),
((1, 1, 3, 2, 6), 1),
((1, 6, 1, 3, 2), 1),
((1, 2, 3, 1, 6), 1),
((1, 3, 1, 6, 2), 1),
((1, 6, 2, 3, 1), 1),
((1, 2, 6, 1, 3), 1)
]),

({'irreps': (1,1,1,0), 'pg': A_1, 'name': T142, 'occupations': (0,0,0,0), 'charges': (1,-1,0,2,-2,0,2,-2,2)},
[
((0, 1, 2, 1, 2), 1),
((0, 2, 1, 2, 1), 1)
]),

({'irreps': (1,1,1,0), 'pg': A_1, 'name': T143, 'occupations': (0,0,0,0), 'charges': (1,-1,0,2,-2,0,2,-2,2)},
[
((0, 6, 5, 5, 1), 1),
((0, 5, 5, 1, 6), 1),
((0, 1, 5, 5, 6), 1),
((0, 5, 1, 6, 5), 1),
((0, 5, 6, 1, 5), 1),
((0, 6, 1, 5, 5), 1),
((0, 1, 6, 5, 5), 1),
((0, 5, 5, 6, 1), 1)
]),

({'irreps': (1,1,1,0), 'pg': A_1, 'name': T144, 'occupations': (0,0,0,0), 'charges': (1,-1,0,2,-2,0,2,-2,2)},
[
((1, 6, 5, 6, 3), 1),
((1, 3, 6, 5, 6), 1),
((1, 6, 3, 6, 5), 1),
((1, 5, 6, 3, 6), 1)
]),

({'irreps': (1,1,1,0), 'pg': A_1, 'name': T145, 'occupations': (0,0,0,0), 'charges': (1,-1,0,2,-2,0,2,-2,2)},
[
((0, 5, 1, 5, 4), 1),
((0, 5, 4, 5, 1), 1),
((0, 4, 5, 1, 5), 1),
((0, 1, 5, 4, 5), 1)
]),

({'irreps': (1,1,1,0), 'pg': A_1, 'name': T146, 'occupations': (0,0,0,0), 'charges': (1,-1,0,2,-2,0,2,-2,2)},
[
((0, 5, 6, 5, 6), 1),
((0, 6, 5, 6, 5), 1)
]),

({'irreps': (1,1,1,0), 'pg': A_1, 'name': T147, 'occupations': (0,0,0,0), 'charges': (1,-1,0,2,-2,0,2,-2,2)},
[
((0, 4, 5, 4, 2), 1),
((0, 5, 4, 2, 4), 1),
((0, 4, 2, 4, 5), 1),
((0, 2, 4, 5, 4), 1)
]),

({'irreps': (1,1,1,0), 'pg': A_1, 'name': T148, 'occupations': (0,0,0,0), 'charges': (1,-1,0,2,-2,0,2,-2,2)},
[
((0, 3, 1, 5, 0), 1),
((0, 5, 1, 3, 0), 1),
((0, 0, 3, 1, 5), 1),
((0, 1, 5, 0, 3), 1),
((0, 0, 5, 1, 3), 1),
((0, 1, 3, 0, 5), 1),
((0, 3, 0, 5, 1), 1),
((0, 5, 0, 3, 1), 1)
]),

({'irreps': (1,1,1,0), 'pg': A_1, 'name': T149, 'occupations': (0,0,0,0), 'charges': (1,-1,0,2,-2,0,2,-2,2)},
[
((0, 2, 6, 2, 1), 1),
((0, 6, 2, 1, 2), 1),
((0, 1, 2, 6, 2), 1),
((0, 2, 1, 2, 6), 1)
]),

({'irreps': (1,1,1,0), 'pg': A_1, 'name': T150, 'occupations': (0,0,0,0), 'charges': (1,-1,0,2,-2,0,2,-2,2)},
[
((0, 3, 6, 2, 0), 1),
((0, 3, 0, 2, 6), 1),
((0, 2, 0, 3, 6), 1),
((0, 0, 2, 6, 3), 1),
((0, 2, 6, 3, 0), 1),
((0, 0, 3, 6, 2), 1),
((0, 6, 2, 0, 3), 1),
((0, 6, 3, 0, 2), 1)
]),

({'irreps': (1,1,1,0), 'pg': A_1, 'name': T151, 'occupations': (0,0,0,0), 'charges': (1,-1,0,2,-2,0,2,-2,2)},
[
((1, 5, 4, 3, 1), 1),
((1, 4, 5, 1, 3), 1),
((1, 3, 4, 5, 1), 1),
((1, 1, 3, 4, 5), 1),
((1, 5, 1, 3, 4), 1),
((1, 3, 1, 5, 4), 1),
((1, 4, 3, 1, 5), 1),
((1, 1, 5, 4, 3), 1)
]),

({'irreps': (1,1,1,0), 'pg': A_1, 'name': T152, 'occupations': (0,0,0,0), 'charges': (1,-1,0,2,-2,0,2,-2,2)},
[
((0, 5, 5, 4, 4), 1),
((0, 4, 4, 5, 5), 1),
((0, 4, 5, 5, 4), 1),
((0, 5, 4, 4, 5), 1)
]),

({'irreps': (1,1,1,0), 'pg': A_1, 'name': T153, 'occupations': (0,0,0,0), 'charges': (1,-1,0,2,-2,0,2,-2,2)},
[
((1, 6, 4, 0, 2), 1),
((1, 0, 4, 6, 2), 1),
((1, 4, 0, 2, 6), 1),
((1, 4, 6, 2, 0), 1),
((1, 2, 0, 4, 6), 1),
((1, 6, 2, 0, 4), 1),
((1, 0, 2, 6, 4), 1),
((1, 2, 6, 4, 0), 1)
]),

({'irreps': (1,1,1,0), 'pg': A_1, 'name': T154, 'occupations': (0,0,0,0), 'charges': (1,-1,0,2,-2,0,2,-2,2)},
[
((0, 1, 5, 3, 3), 1),
((0, 3, 3, 5, 1), 1),
((0, 1, 3, 3, 5), 1),
((0, 5, 3, 3, 1), 1),
((0, 3, 3, 1, 5), 1),
((0, 3, 5, 1, 3), 1),
((0, 3, 1, 5, 3), 1),
((0, 5, 1, 3, 3), 1)
]),

({'irreps': (1,1,1,0), 'pg': A_1, 'name': T155, 'occupations': (0,0,0,0), 'charges': (1,-1,0,2,-2,0,2,-2,2)},
[
((1, 0, 3, 0, 1), 1),
((1, 1, 0, 3, 0), 1),
((1, 3, 0, 1, 0), 1),
((1, 0, 1, 0, 3), 1)
]),

({'irreps': (1,1,1,0), 'pg': A_1, 'name': T156, 'occupations': (0,0,0,0), 'charges': (1,-1,0,2,-2,0,2,-2,2)},
[
((0, 0, 0, 0, 0), 1)
]),

({'irreps': (1,1,1,0), 'pg': A_1, 'name': T157, 'occupations': (0,0,0,0), 'charges': (1,-1,0,2,-2,0,2,-2,2)},
[
((1, 3, 3, 3, 1), 1),
((1, 3, 3, 1, 3), 1),
((1, 1, 3, 3, 3), 1),
((1, 3, 1, 3, 3), 1)
]),

({'irreps': (1,1,1,0), 'pg': A_1, 'name': T158, 'occupations': (0,0,0,0), 'charges': (1,-1,0,2,-2,0,2,-2,2)},
[
((0, 2, 0, 1, 0), 1),
((0, 0, 1, 0, 2), 1),
((0, 0, 2, 0, 1), 1),
((0, 1, 0, 2, 0), 1)
]),

({'irreps': (1,1,1,0), 'pg': A_1, 'name': T159, 'occupations': (0,0,0,0), 'charges': (1,-1,0,2,-2,0,2,-2,2)},
[
((0, 4, 4, 2, 2), 1),
((0, 2, 4, 4, 2), 1),
((0, 4, 2, 2, 4), 1),
((0, 2, 2, 4, 4), 1)
]),

({'irreps': (1,1,1,0), 'pg': A_1, 'name': T160, 'occupations': (0,0,0,0), 'charges': (1,-1,0,2,-2,0,2,-2,2)},
[
((1, 1, 3, 1, 5), 1),
((1, 5, 1, 3, 1), 1),
((1, 1, 5, 1, 3), 1),
((1, 3, 1, 5, 1), 1)
]),

({'irreps': (1,1,1,0), 'pg': A_1, 'name': T161, 'occupations': (0,0,0,0), 'charges': (1,-1,0,2,-2,0,2,-2,2)},
[
((0, 5, 4, 5, 4), 1),
((0, 4, 5, 4, 5), 1)
]),

({'irreps': (1,1,1,0), 'pg': A_1, 'name': T162, 'occupations': (0,0,0,0), 'charges': (1,-1,0,2,-2,0,2,-2,2)},
[
((0, 5, 0, 4, 0), 1),
((0, 0, 4, 0, 5), 1),
((0, 4, 0, 5, 0), 1),
((0, 0, 5, 0, 4), 1)
]),

({'irreps': (1,1,1,0), 'pg': A_1, 'name': T163, 'occupations': (0,0,0,0), 'charges': (1,-1,0,2,-2,0,2,-2,2)},
[
((0, 5, 0, 1, 0), 1),
((0, 0, 1, 0, 5), 1),
((0, 0, 5, 0, 1), 1),
((0, 1, 0, 5, 0), 1)
]),

({'irreps': (1,1,1,0), 'pg': A_1, 'name': T164, 'occupations': (0,0,0,0), 'charges': (1,-1,0,2,-2,0,2,-2,2)},
[
((0, 3, 0, 3, 0), 1),
((0, 0, 3, 0, 3), 1)
])
]